0.5337 0.0036 0.4627
0.3278 0.0111 0.6611
0.8107 0.0000 0.1893
0.3932 0.0024 0.6045
0.8332 0.0149 0.1520
0.2850 0.0121 0.7029
0.6689 0.0118 0.3193
0.0075 0.9759 0.0166
0.7264 0.0385 0.2351
0.7430 0.0044 0.2526
0.2450 0.0000 0.7550
0.6034 0.0032 0.3934
0.0721 0.0000 0.9279
0.6569 0.0000 0.3431
0.4700 0.0010 0.5290
0.0996 0.0000 0.9004
0.1737 0.0000 0.8263
0.1244 0.0000 0.8756
0.3501 0.0041 0.6459
0.3269 0.1019 0.5712
0.1827 0.0039 0.8134
0.7687 0.0000 0.2313
0.7206 0.0037 0.2757
0.6044 0.0111 0.3844
0.7796 0.0109 0.2095
0.1807 0.0012 0.8182
0.5137 0.0232 0.4631
0.7969 0.0000 0.2031
0.2284 0.0000 0.7716
0.3506 0.0000 0.6494
0.7107 0.0039 0.2854
0.0496 0.9188 0.0316
0.6582 0.0061 0.3357
0.2372 0.0027 0.7601
0.0602 0.0000 0.9398
0.5157 0.0244 0.4599
0.4538 0.0009 0.5453
0.8337 0.0000 0.1663
0.3905 0.0000 0.6095
0.3066 0.0076 0.6858
0.1930 0.0000 0.8070
0.4472 0.0000 0.5528
0.6084 0.0000 0.3916
0.3819 0.0000 0.6181
0.9118 0.0000 0.0882
0.4518 0.0037 0.5446
0.9140 0.0013 0.0847
0.7162 0.0045 0.2792
0.0067 0.9725 0.0208
0.0829 0.8172 0.0999
0.0596 0.8220 0.1184
0.4661 0.0077 0.5263
0.4635 0.0000 0.5365
0.4317 0.0051 0.5632
0.5306 0.0153 0.4541
0.0980 0.0000 0.9020
0.7543 0.0180 0.2277
0.2947 0.0105 0.6947
0.4239 0.0309 0.5453
0.1966 0.0115 0.7920
0.9073 0.0000 0.0927
0.3507 0.0031 0.6461
0.7317 0.0027 0.2656
0.6621 0.0073 0.3306
0.1006 0.0000 0.8994
0.3339 0.0035 0.6626
0.8044 0.0069 0.1887
0.9486 0.0000 0.0514
0.0428 0.0000 0.9572
0.1450 0.0056 0.8493
0.6430 0.0025 0.3545
0.9760 0.0000 0.0240
0.9091 0.0000 0.0909
0.4630 0.0051 0.5318
0.7139 0.0115 0.2746
0.0170 0.0000 0.9830
0.6838 0.0161 0.3002
0.8220 0.0195 0.1585
0.4257 0.0156 0.5588
0.1481 0.0000 0.8519
0.2947 0.0023 0.7030
0.2396 0.0000 0.7604
0.1250 0.0000 0.8750
0.2995 0.4433 0.2572
0.6708 0.0062 0.3230
0.5463 0.0000 0.4537
0.2185 0.0000 0.7815
0.5179 0.0341 0.4480
0.6765 0.0082 0.3153
0.6013 0.0359 0.3628
0.0000 0.0000 1.0000
0.0806 0.0000 0.9194
0.1194 0.0035 0.8772
0.0342 0.0000 0.9658
0.2644 0.0056 0.7299
0.0000 0.9907 0.0093
0.2930 0.0011 0.7058
0.0385 0.0000 0.9615
0.7289 0.0130 0.2581
0.8104 0.0000 0.1896
0.3169 0.5455 0.1376
0.1847 0.0020 0.8133
0.4830 0.0102 0.5068
0.4050 0.0100 0.5850
0.0012 0.9960 0.0028
0.7812 0.0000 0.2188
0.7524 0.0048 0.2429
0.7378 0.0288 0.2334
0.4344 0.0000 0.5656
0.2151 0.1396 0.6453
0.7062 0.0000 0.2938
0.6862 0.0264 0.2874
0.6759 0.0230 0.3011
0.7500 0.0014 0.2486
0.0374 0.0000 0.9626
0.5839 0.0000 0.4161
0.0472 0.0000 0.9528
0.3249 0.0221 0.6530
0.5954 0.0229 0.3817
0.7354 0.0053 0.2593
0.0222 0.0000 0.9778
0.3055 0.0022 0.6923
0.2640 0.0000 0.7360
0.9638 0.0000 0.0362
0.7377 0.0057 0.2566
0.6749 0.0024 0.3227
0.9393 0.0000 0.0607
0.0561 0.0000 0.9439
0.4093 0.0222 0.5685
0.5853 0.0367 0.3780
0.6612 0.0347 0.3041
0.0972 0.0050 0.8978
0.6297 0.0029 0.3673
0.6206 0.0013 0.3780
0.7123 0.0152 0.2725
0.6205 0.0103 0.3692
0.7552 0.0099 0.2349
0.7360 0.0037 0.2603
0.4800 0.0000 0.5200
0.8749 0.0042 0.1209
0.7020 0.0025 0.2955
0.1437 0.0000 0.8563
0.8338 0.0231 0.1431
0.4440 0.0260 0.5299
0.0000 0.0000 1.0000
0.8248 0.0108 0.1645
0.4985 0.0015 0.5000
0.6370 0.0092 0.3537
0.8439 0.0000 0.1561
0.5852 0.0037 0.4111
0.3212 0.0146 0.6642
0.3576 0.0040 0.6384
0.6324 0.0319 0.3358
0.5700 0.0000 0.4300
0.6927 0.0000 0.3073
0.1025 0.0232 0.8743
0.4391 0.0000 0.5609
0.2525 0.0059 0.7416
0.8830 0.0000 0.1170
0.4321 0.0000 0.5679
0.8564 0.0000 0.1436
0.8578 0.0000 0.1422
0.3236 0.0033 0.6732
0.2679 0.0696 0.6625
0.6442 0.0079 0.3479
0.6519 0.0000 0.3481
0.1528 0.0000 0.8472
0.0684 0.0000 0.9316
0.9427 0.0000 0.0573
0.3659 0.0000 0.6341
0.9388 0.0000 0.0612
0.5782 0.0000 0.4218
0.4469 0.0000 0.5531
0.4312 0.0149 0.5539
0.5460 0.0211 0.4329
0.8660 0.0000 0.1340
0.0981 0.0000 0.9019
0.5752 0.0000 0.4248
0.1286 0.0000 0.8714
0.6099 0.0000 0.3901
0.0161 0.0000 0.9839
0.2026 0.0000 0.7974
0.2636 0.0057 0.7307
0.1314 0.0000 0.8686
0.3141 0.4762 0.2097
0.6667 0.0000 0.3333
0.7011 0.0000 0.2989
0.2458 0.0000 0.7542
0.0732 0.0000 0.9268
0.8111 0.0009 0.1880
0.2625 0.0000 0.7375
0.1283 0.0000 0.8717
0.3983 0.0000 0.6017
0.7488 0.0012 0.2500
0.3268 0.0000 0.6732
0.4414 0.0000 0.5586
0.3217 0.0102 0.6680
0.3372 0.0984 0.5644
0.7245 0.0083 0.2672
0.3133 0.0016 0.6851
0.7847 0.0228 0.1925
0.3642 0.0000 0.6358
0.7580 0.0040 0.2380
0.0453 0.0000 0.9547
0.8994 0.0000 0.1006
0.2776 0.0000 0.7224
0.3433 0.0448 0.6119
0.0463 0.0000 0.9537
0.2725 0.0232 0.7043
0.4187 0.0000 0.5813
0.3871 0.0280 0.5848
0.7258 0.0115 0.2627
0.2639 0.0000 0.7361
0.2817 0.0000 0.7183
0.2889 0.0111 0.7000
0.0435 0.0000 0.9565
0.4851 0.0000 0.5149
0.1390 0.0000 0.8610
0.2505 0.0471 0.7024
0.9161 0.0000 0.0839
0.6998 0.0063 0.2939
0.6448 0.0158 0.3394
0.6650 0.0267 0.3083
0.4308 0.0179 0.5513
0.1661 0.0000 0.8339
0.5990 0.0417 0.3594
0.0710 0.0055 0.9235
0.6055 0.0069 0.3875
0.4663 0.0000 0.5337
0.7321 0.0293 0.2385
0.6314 0.0000 0.3686
0.2885 0.0240 0.6875
0.5321 0.0048 0.4630
0.6991 0.0120 0.2889
0.2862 0.0016 0.7122
0.6946 0.0063 0.2992
0.4429 0.0000 0.5571
0.1859 0.0099 0.8043
0.3918 0.2216 0.3866
0.4743 0.0198 0.5059
0.0444 0.0000 0.9556
0.3875 0.0074 0.6051
0.3156 0.4337 0.2507
0.4444 0.0000 0.5556
0.7115 0.0088 0.2797
0.4963 0.0000 0.5037
0.7521 0.0185 0.2294
0.6581 0.0129 0.3290
0.2292 0.0033 0.7674
0.1182 0.0652 0.8167
0.7716 0.0062 0.2222
0.6691 0.0221 0.3088
0.0454 0.0000 0.9546
0.6031 0.0909 0.3059
0.1686 0.0032 0.8282
0.0976 0.0067 0.8956
